{
  "camera_angle_x": 1.159011340800476,
  "camera_angle_y": 0.8981580180691434,
  "fl_x": 3080.3920017183264,
  "fl_y": 3137.452325477645,
  "k1": 0.08299261111718535,
  "k2": -0.13653969453539042,
  "p1": 0.00023859000196604512,
  "p2": 0.0025671014107177203,
  "cx": 2000.4698805065939,
  "cy": 1502.0389291588763,
  "w": 4032.0,
  "h": 3024.0,
  "aabb_scale": 8,
  "frames": [
    {
      "file_path": "./data\\llama/Llama-009.jpg",
      "sharpness": 68.19896259244958,
      "transform_matrix": [
        [
          0.1985700455120285,
          0.06420307942087085,
          0.9779815446611656,
          2.7402178157653756
        ],
        [
          0.9762995758271972,
          0.0746786529233524,
          -0.2031310833992046,
          0.9324976105351795
        ],
        [
          -0.08607598541952201,
          0.9951387156950108,
          -0.047852495695628744,
          -0.4153479853247739
        ],
        [
          0.0,
          0.0,
          0.0,
          1.0
        ]
      ]
    },
    {
      "file_path": "./data\\llama/Llama-004.jpg",
      "sharpness": 40.506697206283974,
      "transform_matrix": [
        [
          0.006552157390365337,
          0.3120796104900016,
          0.9500333604824371,
          3.8418677010282236
        ],
        [
          0.9965812875655327,
          0.07620812091694297,
          -0.03190704602873279,
          0.23705224564571475
        ],
        [
          -0.0823577957073087,
          0.9469945296072387,
          -0.31051337244240407,
          -1.3991837352221632
        ],
        [
          0.0,
          0.0,
          0.0,
          1.0
        ]
      ]
    },
    {
      "file_path": "./data\\llama/Llama-007.jpg",
      "sharpness": 55.57432655954651,
      "transform_matrix": [
        [
          0.15761904713458358,
          0.2603425243743501,
          0.9525639117993018,
          2.939458969947142
        ],
        [
          0.9787950292458807,
          0.08661102209016366,
          -0.18563087453815083,
          0.9116362055640616
        ],
        [
          -0.13083014448622246,
          0.961623783471631,
          -0.2411704219857344,
          -1.0465815218786445
        ],
        [
          0.0,
          0.0,
          0.0,
          1.0
        ]
      ]
    },
    {
      "file_path": "./data\\llama/Llama-001.jpg",
      "sharpness": 34.1682121261048,
      "transform_matrix": [
        [
          -0.09563156445851591,
          0.3513051034261467,
          0.9313642296467975,
          4.3663092435668585
        ],
        [
          0.9949859255027114,
          0.06126268891550438,
          0.07905625215060962,
          -0.29684017430431997
        ],
        [
          -0.029285012229626647,
          0.9342545730886284,
          -0.3554022802502154,
          -1.5696641846576365
        ],
        [
          0.0,
          0.0,
          0.0,
          1.0
        ]
      ]
    },
    {
      "file_path": "./data\\llama/Llama-008.jpg",
      "sharpness": 59.734764698323495,
      "transform_matrix": [
        [
          0.17582178336513357,
          0.18319774419740803,
          0.9672255616426276,
          2.8635355816326076
        ],
        [
          0.9757016632310559,
          0.09805895882109149,
          -0.19593546123359337,
          0.9013909241942195
        ],
        [
          -0.13074006602609453,
          0.9781733114328642,
          -0.1615054426987358,
          -0.8304699165832593
        ],
        [
          0.0,
          0.0,
          0.0,
          1.0
        ]
      ]
    },
    {
      "file_path": "./data\\llama/Llama-003.jpg",
      "sharpness": 39.48494308915259,
      "transform_matrix": [
        [
          -0.03708426310487636,
          0.3224650886780027,
          0.9458546527313103,
          4.054062645624878
        ],
        [
          0.9972518319989598,
          0.0726896608816042,
          0.014317708663815097,
          0.035901467506520277
        ],
        [
          -0.0641368927563835,
          0.9437862469161868,
          -0.32427454294898306,
          -1.4626823579362054
        ],
        [
          0.0,
          0.0,
          0.0,
          1.0
        ]
      ]
    },
    {
      "file_path": "./data\\llama/Llama-002.jpg",
      "sharpness": 36.180614428188335,
      "transform_matrix": [
        [
          -0.06451409061636042,
          0.3312963496421238,
          0.9413185756721043,
          4.217976610314802
        ],
        [
          0.9967862608274876,
          0.06628152377118578,
          0.044987885456771654,
          -0.11452241346910114
        ],
        [
          -0.04748770731972295,
          0.94119577581065,
          -0.33450774181633314,
          -1.5087740712757267
        ],
        [
          0.0,
          0.0,
          0.0,
          1.0
        ]
      ]
    },
    {
      "file_path": "./data\\llama/Llama-012.jpg",
      "sharpness": 62.29257426147982,
      "transform_matrix": [
        [
          0.273867003140367,
          -0.20961607859543305,
          0.9386468794305977,
          2.461270666964707
        ],
        [
          0.9617282806225921,
          0.050864644043979404,
          -0.2692424599552187,
          0.9301721152556875
        ],
        [
          0.008693609241971344,
          0.9764598750926267,
          0.21552385848856206,
          0.5252527503334876
        ],
        [
          0.0,
          0.0,
          0.0,
          1.0
        ]
      ]
    },
    {
      "file_path": "./data\\llama/Llama-011.jpg",
      "sharpness": 65.42396409986,
      "transform_matrix": [
        [
          0.2605124664693023,
          -0.1234103518001268,
          0.9575505939438715,
          2.5351959239821893
        ],
        [
          0.9651630427481432,
          0.05831648343937746,
          -0.25506761589460225,
          0.9356943157932182
        ],
        [
          -0.02436299914372137,
          0.9906407385693063,
          0.1343032815866377,
          0.13830810021160275
        ],
        [
          0.0,
          0.0,
          0.0,
          1.0
        ]
      ]
    },
    {
      "file_path": "./data\\llama/Llama-006.jpg",
      "sharpness": 79.43964055630643,
      "transform_matrix": [
        [
          0.07714736518742137,
          0.30540835121224463,
          0.9490911563880831,
          3.5382867789322017
        ],
        [
          0.9909234201597987,
          0.08162040742981612,
          -0.10681237978597742,
          0.5403007977398973
        ],
        [
          -0.11008659967192212,
          0.9487169484013839,
          -0.29633948854986825,
          -1.2818964822205858
        ],
        [
          0.0,
          0.0,
          0.0,
          1.0
        ]
      ]
    },
    {
      "file_path": "./data\\llama/Llama-015.jpg",
      "sharpness": 57.92360554373054,
      "transform_matrix": [
        [
          0.18857649377276323,
          -0.6274792072576558,
          0.7554526792164327,
          1.9851162745331936
        ],
        [
          0.9648035363007191,
          -0.02519528966522619,
          -0.2617619791452878,
          0.746616470202157
        ],
        [
          0.18328404824550942,
          0.7782255726461048,
          0.6006429187327008,
          1.5684524430073916
        ],
        [
          0.0,
          0.0,
          0.0,
          1.0
        ]
      ]
    },
    {
      "file_path": "./data\\llama/Llama-005.jpg",
      "sharpness": 63.29566253627131,
      "transform_matrix": [
        [
          0.06144003400935279,
          0.309787128897927,
          0.9488187693494053,
          3.593345664470189
        ],
        [
          0.99275923059757,
          0.07934043244169234,
          -0.09018983229295775,
          0.4753412131616515
        ],
        [
          -0.10321934067079708,
          0.9474898577992261,
          -0.3026693528662018,
          -1.2940217413885824
        ],
        [
          0.0,
          0.0,
          0.0,
          1.0
        ]
      ]
    },
    {
      "file_path": "./data\\llama/Llama-014.jpg",
      "sharpness": 27.12559721349331,
      "transform_matrix": [
        [
          0.2680057284155815,
          -0.4876408784004387,
          0.8308906686976895,
          2.086560464527822
        ],
        [
          0.954298937659827,
          0.01599255427748466,
          -0.2984254945455446,
          0.8260945965109446
        ],
        [
          0.13223640617947133,
          0.8728978244931274,
          0.46964126837540654,
          1.1306765655891733
        ],
        [
          0.0,
          0.0,
          0.0,
          1.0
        ]
      ]
    },
    {
      "file_path": "./data\\llama/Llama-013.jpg",
      "sharpness": 56.154919911267115,
      "transform_matrix": [
        [
          0.29732526395899206,
          -0.3736172036096252,
          0.8786397854970212,
          2.284453602161863
        ],
        [
          0.9511470407910265,
          0.035743658443469564,
          -0.30666218821578844,
          0.9187515867077931
        ],
        [
          0.08316846882634248,
          0.9268940479542553,
          0.3659923902834781,
          0.8555159951772173
        ],
        [
          0.0,
          0.0,
          0.0,
          1.0
        ]
      ]
    },
    {
      "file_path": "./data\\llama/Llama-016.jpg",
      "sharpness": 37.51982575069111,
      "transform_matrix": [
        [
          0.11374944948279442,
          -0.7225269661321003,
          0.6819207036261002,
          1.9891577779332745
        ],
        [
          0.974410098709745,
          -0.052804092649407317,
          -0.2184872704248086,
          0.7828721878714261
        ],
        [
          0.1938711486523423,
          0.6893232268623476,
          0.698031135919924,
          1.979502855701311
        ],
        [
          0.0,
          0.0,
          0.0,
          1.0
        ]
      ]
    },
    {
      "file_path": "./data\\llama/Llama-010.jpg",
      "sharpness": 72.340728961711,
      "transform_matrix": [
        [
          0.23522994383863743,
          -0.0446230208290575,
          0.9709148570360701,
          2.6348850230104466
        ],
        [
          0.9705885257121086,
          0.06344089950981972,
          -0.2322351524449436,
          0.9400850852236601
        ],
        [
          -0.051232677833026305,
          0.9969874815496036,
          0.05823379122806332,
          -0.13434030560435958
        ],
        [
          0.0,
          0.0,
          0.0,
          1.0
        ]
      ]
    },
    {
      "file_path": "./data\\llama/Llama-017.jpg",
      "sharpness": 54.53793821736459,
      "transform_matrix": [
        [
          0.10600331684809808,
          -0.7625301118228525,
          0.6382093116370532,
          1.859680689347822
        ],
        [
          0.9735674069900738,
          -0.050995727251028376,
          -0.2226340940972618,
          0.8361442908857819
        ],
        [
          0.20231114865287422,
          0.6449397370651874,
          0.7369687474855355,
          2.172832625453064
        ],
        [
          0.0,
          0.0,
          0.0,
          1.0
        ]
      ]
    },
    {
      "file_path": "./data\\llama/Llama-029.jpg",
      "sharpness": 19.844328372191946,
      "transform_matrix": [
        [
          -0.0656970218968418,
          -0.7990233226194747,
          0.5977002855140963,
          2.1804869062279635
        ],
        [
          0.9773571448652687,
          -0.1722692426858841,
          -0.12286708025744016,
          -1.4952491425403107
        ],
        [
          0.20113903824650362,
          0.5760946432731391,
          0.792248729485017,
          2.198001457229222
        ],
        [
          0.0,
          0.0,
          0.0,
          1.0
        ]
      ]
    },
    {
      "file_path": "./data\\llama/Llama-018.jpg",
      "sharpness": 32.95256236164819,
      "transform_matrix": [
        [
          0.06551570791953197,
          -0.790366126509548,
          0.6091215627128198,
          1.6292350111910032
        ],
        [
          0.9802337568898628,
          -0.06322440327018518,
          -0.18746854853670789,
          0.7354505241743785
        ],
        [
          0.18668013787084564,
          0.6093636524906412,
          0.7706013659689067,
          2.369768406659424
        ],
        [
          0.0,
          0.0,
          0.0,
          1.0
        ]
      ]
    },
    {
      "file_path": "./data\\llama/Llama-019.jpg",
      "sharpness": 36.244523719403354,
      "transform_matrix": [
        [
          0.06376440411092454,
          -0.7918838155171218,
          0.6073336180140494,
          1.6171582133870714
        ],
        [
          0.9801653130681894,
          -0.06473289858354946,
          -0.18731153436095702,
          0.7133727775329828
        ],
        [
          0.1876434380214047,
          0.6072311542092063,
          0.7720493932454192,
          2.3729504779627746
        ],
        [
          0.0,
          0.0,
          0.0,
          1.0
        ]
      ]
    },
    {
      "file_path": "./data\\llama/Llama-020.jpg",
      "sharpness": 60.974840810238554,
      "transform_matrix": [
        [
          0.06906220548516993,
          -0.7723601581679733,
          0.6314191935060883,
          1.8008177714138367
        ],
        [
          0.9799861606908372,
          -0.06592816723685437,
          -0.1878313116202084,
          0.7206051033248554
        ],
        [
          0.18670173173791116,
          0.6317541158702003,
          0.7523491214406275,
          2.2831769225262937
        ],
        [
          0.0,
          0.0,
          0.0,
          1.0
        ]
      ]
    },
    {
      "file_path": "./data\\llama/Llama-027.jpg",
      "sharpness": 26.57210318613146,
      "transform_matrix": [
        [
          -0.06915248897767964,
          -0.8130612775061861,
          0.5780564785276714,
          2.2210640459044906
        ],
        [
          0.9854972285436955,
          -0.1456831028957155,
          -0.08701520596492031,
          -0.8940363774460701
        ],
        [
          0.1549617559651837,
          0.5636557394593686,
          0.8113439847857732,
          2.4520154495024995
        ],
        [
          0.0,
          0.0,
          0.0,
          1.0
        ]
      ]
    },
    {
      "file_path": "./data\\llama/Llama-024.jpg",
      "sharpness": 28.652381874974793,
      "transform_matrix": [
        [
          -0.0184635547216095,
          -0.7704649009591807,
          0.6372149822600012,
          2.3771448451906996
        ],
        [
          0.9872280591099898,
          -0.11491582441786465,
          -0.1103408927371489,
          -0.18678555375563452
        ],
        [
          0.15823987001229803,
          0.6270392250612639,
          0.7627463233988205,
          2.413056232964934
        ],
        [
          0.0,
          0.0,
          0.0,
          1.0
        ]
      ]
    },
    {
      "file_path": "./data\\llama/Llama-026.jpg",
      "sharpness": 25.7587009610646,
      "transform_matrix": [
        [
          -0.06554045185363899,
          -0.7916618741039069,
          0.607433886394826,
          2.371043964837607
        ],
        [
          0.9860387502659533,
          -0.14476643079605744,
          -0.08228161091199539,
          -0.738337334582765
        ],
        [
          0.1530752499768355,
          0.5935605762515278,
          0.790097342262231,
          2.475234938338004
        ],
        [
          0.0,
          0.0,
          0.0,
          1.0
        ]
      ]
    },
    {
      "file_path": "./data\\llama/Llama-025.jpg",
      "sharpness": 26.058025843115907,
      "transform_matrix": [
        [
          -0.056338720676589724,
          -0.7755017998054892,
          0.628826611340983,
          2.4930107843026015
        ],
        [
          0.9860465124485198,
          -0.14203565323213152,
          -0.0868225115092763,
          -0.546320206663619
        ],
        [
          0.1566468124506408,
          0.6151608178232362,
          0.7726829520893149,
          2.453827568883537
        ],
        [
          0.0,
          0.0,
          0.0,
          1.0
        ]
      ]
    },
    {
      "file_path": "./data\\llama/Llama-028.jpg",
      "sharpness": 25.365602810738906,
      "transform_matrix": [
        [
          -0.0536851243950834,
          -0.814718146326925,
          0.5773666508761267,
          2.014281881581847
        ],
        [
          0.9837254215124016,
          -0.1424384105651923,
          -0.10952440034830302,
          -1.05662377147256
        ],
        [
          0.17147070449348126,
          0.5620904209433261,
          0.8091057756990869,
          2.408914515325228
        ],
        [
          0.0,
          0.0,
          0.0,
          1.0
        ]
      ]
    },
    {
      "file_path": "./data\\llama/Llama-021.jpg",
      "sharpness": 49.39451823966233,
      "transform_matrix": [
        [
          0.06554117329808895,
          -0.7596365616807081,
          0.6470368218581019,
          1.9367186595331345
        ],
        [
          0.9814232805084333,
          -0.06809895422277304,
          -0.17936241779028242,
          0.6237878283896826
        ],
        [
          0.1803127812571123,
          0.6467726236252861,
          0.7410617209986939,
          2.3024366085897063
        ],
        [
          0.0,
          0.0,
          0.0,
          1.0
        ]
      ]
    },
    {
      "file_path": "./data\\llama/Llama-023.jpg",
      "sharpness": 30.021227706923334,
      "transform_matrix": [
        [
          0.03958712900548858,
          -0.7559023839298215,
          0.6534863772611691,
          2.204323353865268
        ],
        [
          0.985789521235429,
          -0.0773066657667268,
          -0.1491398647451494,
          0.17801470812673797
        ],
        [
          0.16325403224986793,
          0.6501040420396902,
          0.7421003002042064,
          2.388733321101028
        ],
        [
          0.0,
          0.0,
          0.0,
          1.0
        ]
      ]
    },
    {
      "file_path": "./data\\llama/Llama-030.jpg",
      "sharpness": 40.896752576371725,
      "transform_matrix": [
        [
          -0.005493767097621934,
          -0.708299238416731,
          0.7058909317033105,
          2.338850142902426
        ],
        [
          0.9733322467566624,
          -0.16567736337726116,
          -0.158667415349632,
          -1.6957936113445509
        ],
        [
          0.22933415785021824,
          0.6861947246940243,
          0.6903206819519324,
          1.9039917132925421
        ],
        [
          0.0,
          0.0,
          0.0,
          1.0
        ]
      ]
    },
    {
      "file_path": "./data\\llama/Llama-022.jpg",
      "sharpness": 49.24157600132305,
      "transform_matrix": [
        [
          0.05918521786195721,
          -0.7521094817973489,
          0.6563752261144287,
          2.0714600726173993
        ],
        [
          0.9837827334597494,
          -0.06758111058024101,
          -0.16614549902103962,
          0.39158141551984954
        ],
        [
          0.1693181719098459,
          0.6555639716784578,
          0.7359125191105472,
          2.3203033573178433
        ],
        [
          0.0,
          0.0,
          0.0,
          1.0
        ]
      ]
    },
    {
      "file_path": "./data\\llama/Llama-031.jpg",
      "sharpness": 35.853914265047834,
      "transform_matrix": [
        [
          0.025936875531951443,
          -0.5904322439191344,
          0.8066703440116461,
          2.7640955291284275
        ],
        [
          0.9735903926025632,
          -0.1681756180107383,
          -0.15439789164505802,
          -1.7911293018575964
        ],
        [
          0.22682377725546843,
          0.7893710958251368,
          0.5704772100905888,
          1.618123724799192
        ],
        [
          0.0,
          0.0,
          0.0,
          1.0
        ]
      ]
    },
    {
      "file_path": "./data\\llama/Llama-032.jpg",
      "sharpness": 23.037354347954587,
      "transform_matrix": [
        [
          0.09633745319894835,
          -0.4782670140945275,
          0.8729145195377708,
          2.97526548942361
        ],
        [
          0.9739754000774731,
          -0.1354693073471721,
          -0.18171402482073262,
          -1.8578418965607881
        ],
        [
          0.20516094940518195,
          0.8677031347619953,
          0.45276953834012357,
          1.3007833386565522
        ],
        [
          0.0,
          0.0,
          0.0,
          1.0
        ]
      ]
    },
    {
      "file_path": "./data\\llama/Llama-033.jpg",
      "sharpness": 18.173924492121873,
      "transform_matrix": [
        [
          0.255727035355275,
          -0.26276717735857724,
          0.9303532092549687,
          3.0382912951676033
        ],
        [
          0.9488571054515715,
          -0.1160686203315954,
          -0.2935954168820264,
          -2.260857127672498
        ],
        [
          0.1851320523988011,
          0.9578525387343867,
          0.21964661914096342,
          0.7438922630590835
        ],
        [
          0.0,
          0.0,
          0.0,
          1.0
        ]
      ]
    },
    {
      "file_path": "./data\\llama/Llama-034.jpg",
      "sharpness": 36.129800254478084,
      "transform_matrix": [
        [
          0.32644392970650954,
          -0.1265058871311354,
          0.9367126674485334,
          3.062694520224944
        ],
        [
          0.9392056372383732,
          -0.06817170291671845,
          -0.33651952381227723,
          -2.4473372652574703
        ],
        [
          0.10642899858044771,
          0.9896205735164997,
          0.09656080374248553,
          0.505310864342076
        ],
        [
          0.0,
          0.0,
          0.0,
          1.0
        ]
      ]
    },
    {
      "file_path": "./data\\llama/Llama-035.jpg",
      "sharpness": 37.049673333839344,
      "transform_matrix": [
        [
          0.44951875850627304,
          0.05837023331409381,
          0.8913617681353899,
          3.0118923798109867
        ],
        [
          0.8932663878427346,
          -0.03254207216359017,
          -0.4483482729925908,
          -2.6346592066711487
        ],
        [
          0.0028365656819785584,
          0.9977644659374739,
          -0.06676843934821688,
          0.20321085642126874
        ],
        [
          0.0,
          0.0,
          0.0,
          1.0
        ]
      ]
    },
    {
      "file_path": "./data\\llama/Llama-038.jpg",
      "sharpness": 43.154091068317804,
      "transform_matrix": [
        [
          0.5212736310106368,
          0.37020181866788293,
          0.7689111880754432,
          3.108305226292733
        ],
        [
          0.8324762907712878,
          -0.022341844809235317,
          -0.5536100317732184,
          -2.9097772629112395
        ],
        [
          -0.1877685461591638,
          0.9286826452079288,
          -0.3198304514086102,
          -0.30389120786784013
        ],
        [
          0.0,
          0.0,
          0.0,
          1.0
        ]
      ]
    },
    {
      "file_path": "./data\\llama/Llama-037.jpg",
      "sharpness": 40.0479179030643,
      "transform_matrix": [
        [
          0.4983459520384701,
          0.2143442487279945,
          0.8400641970728868,
          3.0282000722700197
        ],
        [
          0.8623725293429017,
          -0.022808166764302862,
          -0.5057602279433642,
          -2.8181625311404455
        ],
        [
          -0.0892464717954611,
          0.9764918487377888,
          -0.19621094950607332,
          -0.022987907648285438
        ],
        [
          0.0,
          0.0,
          0.0,
          1.0
        ]
      ]
    },
    {
      "file_path": "./data\\llama/Llama-039.jpg",
      "sharpness": 43.146488781720336,
      "transform_matrix": [
        [
          0.5194445894860663,
          0.42827085467771486,
          0.7394331569296059,
          3.070893118745149
        ],
        [
          0.8272606875889792,
          -0.03527879766542993,
          -0.5607095158911046,
          -2.9558704652639403
        ],
        [
          -0.21404923086618152,
          0.9029615061306612,
          -0.3726170222858874,
          -0.844648846692418
        ],
        [
          0.0,
          0.0,
          0.0,
          1.0
        ]
      ]
    },
    {
      "file_path": "./data\\llama/Llama-036.jpg",
      "sharpness": 20.93857456883236,
      "transform_matrix": [
        [
          0.1663437939419313,
          -0.36785057768290835,
          0.91488561842176,
          3.0546956446823486
        ],
        [
          0.9641179753585999,
          -0.13400065669142022,
          -0.2291731956456691,
          -2.0829511631895348
        ],
        [
          0.20689676607374954,
          0.9201792089509848,
          0.33236117656537595,
          0.9803996307298849
        ],
        [
          0.0,
          0.0,
          0.0,
          1.0
        ]
      ]
    },
    {
      "file_path": "./data\\llama/Llama-043.jpg",
      "sharpness": 41.161727318245,
      "transform_matrix": [
        [
          0.534777692712761,
          0.519149053622431,
          0.6667061418491366,
          2.70530762339081
        ],
        [
          0.8138567976545862,
          -0.10424286065862398,
          -0.5716384687185374,
          -2.9526025834682175
        ],
        [
          -0.2272662146043762,
          0.848302826949138,
          -0.47825974279135747,
          -1.6569273808888891
        ],
        [
          0.0,
          0.0,
          0.0,
          1.0
        ]
      ]
    },
    {
      "file_path": "./data\\llama/Llama-040.jpg",
      "sharpness": 43.2869967564317,
      "transform_matrix": [
        [
          0.5451166912597394,
          0.5369257490965353,
          0.6438622002779546,
          2.5304031428931038
        ],
        [
          0.8065063856576679,
          -0.1261638480748276,
          -0.5776072483427668,
          -2.979082978590424
        ],
        [
          -0.22890007168303664,
          0.8341423280720186,
          -0.5018080646895288,
          -1.7487342099481462
        ],
        [
          0.0,
          0.0,
          0.0,
          1.0
        ]
      ]
    },
    {
      "file_path": "./data\\llama/Llama-041.jpg",
      "sharpness": 40.81334738172324,
      "transform_matrix": [
        [
          0.526880075156666,
          0.4689815383254981,
          0.7088396879354081,
          2.946836587040961
        ],
        [
          0.8201089863490995,
          -0.06150748260300285,
          -0.5688919757731162,
          -2.9827715969781425
        ],
        [
          -0.22320088916510297,
          0.8810636449080834,
          -0.4170230410691329,
          -1.3234942615715972
        ],
        [
          0.0,
          0.0,
          0.0,
          1.0
        ]
      ]
    },
    {
      "file_path": "./data\\llama/Llama-044.jpg",
      "sharpness": 47.029955186099784,
      "transform_matrix": [
        [
          0.5131246251230706,
          0.46979462179875164,
          0.7183287078356868,
          2.8971250378410693
        ],
        [
          0.8205107842988232,
          -0.022847005764831087,
          -0.571174287921522,
          -3.2407370652784944
        ],
        [
          -0.2519229484462972,
          0.8824800438202872,
          -0.39719491485972624,
          -1.3452643713614794
        ],
        [
          0.0,
          0.0,
          0.0,
          1.0
        ]
      ]
    },
    {
      "file_path": "./data\\llama/Llama-045.jpg",
      "sharpness": 47.98733104953817,
      "transform_matrix": [
        [
          0.5266714008551615,
          0.4944414961053947,
          0.69148018231178,
          2.732331510572644
        ],
        [
          0.8156291765401212,
          -0.06473456296488828,
          -0.5749421559948221,
          -3.173213950562383
        ],
        [
          -0.23951259238330674,
          0.8667970024012499,
          -0.4373747532761731,
          -1.4864614803133438
        ],
        [
          0.0,
          0.0,
          0.0,
          1.0
        ]
      ]
    },
    {
      "file_path": "./data\\llama/Llama-042.jpg",
      "sharpness": 42.68560046366062,
      "transform_matrix": [
        [
          0.5383273949597022,
          0.5190583612169161,
          0.6639141763558914,
          2.569142799675007
        ],
        [
          0.8099059054648569,
          -0.10090285394358293,
          -0.5778157477647494,
          -3.060511496144381
        ],
        [
          -0.23292925995218489,
          0.8487620584133629,
          -0.4747072025379393,
          -1.645442031196236
        ],
        [
          0.0,
          0.0,
          0.0,
          1.0
        ]
      ]
    },
    {
      "file_path": "./data\\llama/Llama-046.jpg",
      "sharpness": 45.94797696658998,
      "transform_matrix": [
        [
          0.5093071189581087,
          0.46339998643544184,
          0.7251666782401374,
          3.0115784335976477
        ],
        [
          0.8230577772498243,
          -0.01616773750874761,
          -0.5677274870729552,
          -3.2369512761594605
        ],
        [
          -0.251360605304758,
          0.8860017251224199,
          -0.38963930662380464,
          -1.2881404414962239
        ],
        [
          0.0,
          0.0,
          0.0,
          1.0
        ]
      ]
    },
    {
      "file_path": "./data\\llama/Llama-048.jpg",
      "sharpness": 43.00235006440206,
      "transform_matrix": [
        [
          0.5062463878721244,
          0.35178444685079596,
          0.7873768461162148,
          3.353108050376847
        ],
        [
          0.8404781889366352,
          0.0032401369929161506,
          -0.5418356904448127,
          -3.133850943784267
        ],
        [
          -0.19316057749361445,
          0.9360754267422807,
          -0.29402684713635846,
          -0.9058498107133781
        ],
        [
          0.0,
          0.0,
          0.0,
          1.0
        ]
      ]
    },
    {
      "file_path": "./data\\llama/Llama-047.jpg",
      "sharpness": 44.89891973220279,
      "transform_matrix": [
        [
          0.5143895848744748,
          0.39327057836809737,
          0.7620640440555497,
          3.185107477641307
        ],
        [
          0.8278812056836438,
          0.004017430626307214,
          -0.5608890884414717,
          -3.221277981181404
        ],
        [
          -0.22364271564152882,
          0.9194140049648932,
          -0.3235147961071561,
          -1.1671868727701504
        ],
        [
          0.0,
          0.0,
          0.0,
          1.0
        ]
      ]
    },
    {
      "file_path": "./data\\llama/Llama-049.jpg",
      "sharpness": 40.76216621311789,
      "transform_matrix": [
        [
          0.49758414096395875,
          0.12047024876431067,
          0.859009279288318,
          3.548829195482394
        ],
        [
          0.8664509950347222,
          -0.022336665930308662,
          -0.49876221445113833,
          -2.6902685388280787
        ],
        [
          -0.04089860474666888,
          0.9924656128063744,
          -0.11549593764284898,
          -0.6134915326931156
        ],
        [
          0.0,
          0.0,
          0.0,
          1.0
        ]
      ]
    },
    {
      "file_path": "./data\\llama/Llama-050.jpg",
      "sharpness": 39.56490147097833,
      "transform_matrix": [
        [
          0.49763365484872985,
          0.18539390263306907,
          0.847342815221789,
          3.5151912604408286
        ],
        [
          0.8639620546887761,
          -0.01921285642147525,
          -0.5031902564754428,
          -2.835600137764963
        ],
        [
          -0.07700852956629246,
          0.9824764460789331,
          -0.16973426100673972,
          -0.7408301445402683
        ],
        [
          0.0,
          0.0,
          0.0,
          1.0
        ]
      ]
    },
    {
      "file_path": "./data\\llama/Llama-054.jpg",
      "sharpness": 38.114587078885414,
      "transform_matrix": [
        [
          0.30090638756233695,
          -0.26242642912866904,
          0.9168357079098586,
          3.2840621406335853
        ],
        [
          0.9420884478677516,
          -0.06747229122673,
          -0.3285069958410199,
          -2.0623189474588726
        ],
        [
          0.1480699237535046,
          0.962590182422007,
          0.22692606388371495,
          0.1460001853602305
        ],
        [
          0.0,
          0.0,
          0.0,
          1.0
        ]
      ]
    },
    {
      "file_path": "./data\\llama/Llama-052.jpg",
      "sharpness": 40.848765253610644,
      "transform_matrix": [
        [
          0.47908115476617286,
          0.06554246891742699,
          0.8753201882715432,
          3.5494678917225424
        ],
        [
          0.8777273978476279,
          -0.025875824887051535,
          -0.4784611340117319,
          -2.562485142971418
        ],
        [
          -0.008709892092345373,
          0.9975142237281505,
          -0.06992504075881806,
          -0.4262994104120438
        ],
        [
          0.0,
          0.0,
          0.0,
          1.0
        ]
      ]
    },
    {
      "file_path": "./data\\llama/Llama-053.jpg",
      "sharpness": 38.54703696794991,
      "transform_matrix": [
        [
          0.36316257278820596,
          -0.18225612480661157,
          0.9137262449858486,
          3.339966997030691
        ],
        [
          0.9249686628458317,
          -0.047370311994934425,
          -0.3770796020742076,
          -2.149969860075115
        ],
        [
          0.11200856432060385,
          0.9821093414669254,
          0.15137807967997416,
          -0.047200147476200584
        ],
        [
          0.0,
          0.0,
          0.0,
          1.0
        ]
      ]
    },
    {
      "file_path": "./data\\llama/Llama-051.jpg",
      "sharpness": 41.909214372466394,
      "transform_matrix": [
        [
          0.504359468858341,
          0.2584721205317732,
          0.8239015045260885,
          3.45144192767054
        ],
        [
          0.851606101155928,
          0.008886420493090718,
          -0.5241069356634818,
          -2.949908546221406
        ],
        [
          -0.14278856626045874,
          0.9659778437021719,
          -0.2156344845036214,
          -0.7891432278133192
        ],
        [
          0.0,
          0.0,
          0.0,
          1.0
        ]
      ]
    },
    {
      "file_path": "./data\\llama/Llama-057.jpg",
      "sharpness": 23.604163215167137,
      "transform_matrix": [
        [
          0.23870342842147654,
          -0.35645507262568565,
          0.9033052942050446,
          3.3593850673344168
        ],
        [
          0.9543347228167341,
          -0.08595423855807624,
          -0.2861068082132173,
          -1.877479863696661
        ],
        [
          0.1796271418492191,
          0.9303502835792803,
          0.31965988149968216,
          0.49927494867305305
        ],
        [
          0.0,
          0.0,
          0.0,
          1.0
        ]
      ]
    },
    {
      "file_path": "./data\\llama/Llama-058.jpg",
      "sharpness": 21.09604955807926,
      "transform_matrix": [
        [
          0.16272760392805516,
          -0.46469397929846346,
          0.8703902760274869,
          3.474995931082484
        ],
        [
          0.9587155907891177,
          -0.13403107172189874,
          -0.25079889911380865,
          -1.7519031456225207
        ],
        [
          0.23320407994515296,
          0.8752686316193795,
          0.42369880774605834,
          0.7679982459144821
        ],
        [
          0.0,
          0.0,
          0.0,
          1.0
        ]
      ]
    },
    {
      "file_path": "./data\\llama/Llama-056.jpg",
      "sharpness": 40.8629105258923,
      "transform_matrix": [
        [
          0.42476455790605144,
          -0.09972768715512108,
          0.8997941202526155,
          3.413224128166853
        ],
        [
          0.9032610931642922,
          -0.020045213043686377,
          -0.4286228960466612,
          -2.27024914115105
        ],
        [
          0.060782134920383396,
          0.9948128356298518,
          0.08156564366184696,
          -0.17607253696926647
        ],
        [
          0.0,
          0.0,
          0.0,
          1.0
        ]
      ]
    },
    {
      "file_path": "./data\\llama/Llama-055.jpg",
      "sharpness": 40.540504966001784,
      "transform_matrix": [
        [
          0.4524535911424198,
          0.007322490978989969,
          0.8917578870230429,
          3.50539700175257
        ],
        [
          0.8914812575464186,
          -0.02993691501614456,
          -0.4520674159553176,
          -2.496095804752767
        ],
        [
          0.02338622050355726,
          0.9995249683376968,
          -0.020072928173102352,
          -0.39046430172223884
        ],
        [
          0.0,
          0.0,
          0.0,
          1.0
        ]
      ]
    },
    {
      "file_path": "./data\\llama/Llama-059.jpg",
      "sharpness": 19.929947882457306,
      "transform_matrix": [
        [
          0.02452043167629545,
          -0.647028002434295,
          0.7620718552576952,
          3.24468830291454
        ],
        [
          0.955302917040713,
          -0.20948371582526698,
          -0.20859748201569786,
          -1.6507327922368566
        ],
        [
          0.29461005606667784,
          0.7331243666279174,
          0.6129711069913177,
          1.481890605013113
        ],
        [
          0.0,
          0.0,
          0.0,
          1.0
        ]
      ]
    },
    {
      "file_path": "./data\\llama/Llama-060.jpg",
      "sharpness": 22.278752371871157,
      "transform_matrix": [
        [
          -0.003800028816971256,
          -0.6726386080449969,
          0.7399613927955234,
          3.138434683802697
        ],
        [
          0.95645923408206,
          -0.2183991376901122,
          -0.19361701939943324,
          -1.6566096786733866
        ],
        [
          0.29184121253317263,
          0.7070071567503269,
          0.6441813308815645,
          1.6823516733701673
        ],
        [
          0.0,
          0.0,
          0.0,
          1.0
        ]
      ]
    },
    {
      "file_path": "./data\\llama/Llama-064.jpg",
      "sharpness": 25.013769879981492,
      "transform_matrix": [
        [
          -0.08884747385304811,
          -0.8191210142567603,
          0.5666982358120766,
          2.6623953930749606
        ],
        [
          0.9514635890366905,
          -0.23810608950890663,
          -0.1949936636969057,
          -1.2121779022538695
        ],
        [
          0.29465770844186073,
          0.5218680429096985,
          0.8005189446420055,
          2.23682179221642
        ],
        [
          0.0,
          0.0,
          0.0,
          1.0
        ]
      ]
    },
    {
      "file_path": "./data\\llama/Llama-062.jpg",
      "sharpness": 20.405379809496907,
      "transform_matrix": [
        [
          0.070759022108979,
          -0.5930392472978775,
          0.8020583594939706,
          3.3508062940220924
        ],
        [
          0.9547302987157981,
          -0.19264373720920278,
          -0.22666814340321542,
